5641 1452 3.14 2.09 6.77
1727 4139 1.53 1.77 1.02
5713 5407 1.53 1.99 2.21
4560 111 1.57 1.68 1.69
6226 4617 3.61 2.51 27.38
3811 5545 1.53 1.89 1.62
6365 1885 1.53 1.69 1.3
904 1769 1.61 1.78 1.25
4638 5766 1.78 1.95 2.47
4301 5017 1.73 1.9 2.07
537 3823 1.48 1.78 1.8
4582 1827 1.81 1.96 1.76
4627 1339 1.56 1.74 1.37
1840 3795 2.33 2.07 5.08
3225 836 1.87 2.09 2.37
3429 3581 1.56 1.95 1.73
5330 3079 3.33 2.27 8.31
4668 1080 1.53 1.87 1.67
1447 35 3.89 2.55 46.35
1701 883 1.61 1.77 1.88
5067 5665 1.49 1.8 1.12
2969 2659 1.83 1.86 1.61
1197 3558 1.98 1.93 2.57
4992 1252 3.68 2.48 15.93
5077 3294 2.79 2.33 7.99
4044 5729 1.88 2.06 2.18
2361 4719 3.82 2.53 22.02
2847 5313 3.49 2.45 23.93
1099 3682 1.52 1.91 2.07
3446 3784 3.33 2.53 28.9
2719 4960 1.79 1.99 2.66
1145 2432 1.51 1.78 1.04
3018 7 3.5 2.48 17.19
1413 4797 1.47 1.88 1.77
3693 2358 1.76 2.02 2.25
5474 5541 3.54 2.49 21.7
4190 3487 1.72 1.85 1.68
5077 3723 1.54 1.76 1.08
14 397 3.68 2.48 19.46
5849 3963 1.58 1.65 1.58
5819 1322 1.57 1.75 1.33
6366 3120 1.57 1.64 1.6
6108 2768 3.48 2.52 12.53
6345 2666 3.94 2.54 41.68
2093 6268 1.51 1.64 1.38
3989 403 3.89 2.53 46.66
675 4093 2.78 2.26 6.89
2503 3539 1.79 1.8 1.71
3121 3844 1.45 1.95 1.77
1608 3336 1.88 2.06 2.66
3992 5164 1.75 1.81 1.89
4888 3872 4.19 2.54 40.6
4741 4404 1.79 1.96 1.82
3898 4936 2.62 2.37 4.96
5326 3596 1.49 1.86 1.99
2068 3693 1.49 1.77 1.52
3260 5792 1.46 1.65 1.09
4535 368 2.56 2.02 7.92
4908 4795 1.82 1.93 1.67
6151 5321 3.7 2.47 14.51
3547 5498 2.28 2.15 5.35
2735 4922 3.65 2.46 21.77
4673 5990 1.46 1.87 1.4
4610 4067 2.61 2.16 6.88
4895 3823 2.79 2.27 7.08
2709 4778 1.52 1.72 1.41
6097 394 1.81 1.97 2.03
3949 3295 1.47 1.7 1.27
2210 1010 3.76 2.52 32.93
5816 1664 1.51 1.69 1.31
2458 1263 1.56 2.09 1.72
6372 2384 1.48 1.67 0.92
306 5730 1.54 1.8 1.45
6178 5057 1.84 1.89 2.23
310 443 1.48 1.71 1.38
540 3360 1.84 1.94 2.31
1032 5725 3.35 2.47 27.11
481 6088 1.5 1.95 1.95
1434 3836 3.76 2.51 33.23
2444 5835 1.53 1.64 1.63
5414 6265 1.72 1.89 2.35
2524 2401 1.84 2.07 3.02
2618 4212 1.49 1.82 1.73
4 4958 3.03 2.15 5.1
4418 3554 3.61 2.51 14.68
671 2815 1.59 1.67 1.67
2095 5254 1.83 1.83 2.44
5381 4359 1.77 1.95 3.13
577 5739 1.78 1.94 2.2
4266 4505 1.72 1.83 2.31
5442 5263 2.78 2.36 6.53
1920 2948 3.38 2.54 23.07
6065 351 1.51 1.69 1.59
4018 5768 1.86 2.09 2.41
1595 3873 4.66 2.55 41.67
3321 3721 3.53 2.48 23.02
4971 817 1.82 1.99 2.34
4635 317 1.49 1.75 1.66
5634 2906 1.59 1.9 1.88
1020 490 3.53 2.46 23.71
5579 1737 1.47 1.73 1.13
4514 788 1.81 1.8 2.15
240 3238 3.96 2.52 33.3
4848 6135 2.29 2.04 5.41
1371 2963 3.86 2.54 47.76
1548 4313 1.46 1.75 1.15
2975 5269 1.87 1.91 3.4
2301 1247 1.56 1.93 2.06
5906 580 1.57 1.78 1.62
2648 4986 1.45 1.88 1.65
5175 3220 1.52 1.8 1.81
1786 3414 3.76 2.53 36.62
3785 2130 3.94 2.47 23.58
4120 3314 3.14 2.45 10.81
5847 2039 1.49 1.76 1.24
464 3247 3.11 2.52 18.24
4716 6163 2.53 2.02 6.51
6254 3093 3.95 2.52 36.21
689 1591 1.57 1.8 1.84
82 1994 1.5 2.08 1.81
5368 3914 1.57 1.76 1.2
943 4505 3.28 2.34 7.19
4407 543 4.43 2.5 41.44
571 4443 1.57 1.78 1.5
2259 2267 3.4 2.53 17.01
5632 1520 1.72 1.93 2.33
4006 4447 1.53 2 2.08
79 3637 1.46 1.85 1.64
4248 4019 3.49 2.52 18.1
5890 4351 3.5 2.5 19.73
2084 1391 1.48 1.78 1.59
4506 3180 1.79 1.89 2.22
5228 3631 1.76 2.06 2.04
1079 597 1.79 1.97 2.4
2142 5647 1.57 1.75 1.14
4632 2682 1.58 1.75 1.68
3720 5057 1.58 2.04 2.45
3263 1883 3.85 2.51 28.6
3100 958 1.49 1.88 2.19
3627 4762 3.11 2.47 19.08
2043 1149 1.49 2.02 2.25
5767 3003 1.49 1.72 1.54
3619 2979 1.47 1.65 1.4
5605 3740 1.75 1.89 1.57
3013 5903 3.07 2.12 5.89
2836 3759 1.52 1.63 0.99
1049 4739 1.77 1.93 2.24
3206 3029 3.01 2.06 6.2
5441 2842 1.71 1.87 1.78
3596 1131 1.56 1.9 2.36
5934 4968 2.6 2.2 6.24
1801 4218 2.28 2.02 4.16
77 5794 1.59 2.01 2.45
3142 1857 1.75 1.84 1.96
947 3917 1.52 1.98 2.47
3705 2541 3.86 2.51 31.22
4173 4925 1.8 1.99 2.41
6021 2326 1.57 1.94 2.16
5927 4833 1.51 1.72 1.08
4457 1966 1.81 2.01 2.91
4701 1566 3.76 2.54 47.26
6122 1994 3.35 2.26 11.77
2284 440 1.58 1.68 1.23
1961 768 3.19 2.27 6.41
2682 4624 3.7 2.54 21.46
4297 5903 1.79 1.89 2.3
4491 23 1.46 1.94 1.85
4482 1103 1.56 1.71 1.64
1262 2975 1.71 1.97 1.92
1779 6363 1.46 1.96 1.89
3468 3920 3.49 2.5 19.12
1425 3913 1.46 1.9 1.55
6245 1544 1.55 1.67 1.11
689 717 1.58 1.87 1.67
1599 4903 1.47 2.09 2.12
4872 4606 1.84 1.91 2.22
1253 1452 1.5 1.97 2.13
48 4284 1.52 1.73 1.35
3872 1184 1.54 1.82 1.56
40 2711 2.91 2.01 5.88
4139 4830 1.52 1.65 1.01
6089 6002 1.52 1.78 1.48
3099 519 3.04 2.5 29.51
5198 6057 1.5 1.77 1.35
6251 1891 1.6 2.02 1.79
401 4031 1.47 1.79 1.11
4139 2873 1.59 1.88 2.38
4104 5788 1.48 1.75 0.92
4853 1497 1.58 1.98 2.38
5991 5324 1.49 1.66 1.61
861 3989 1.49 1.64 1.47
5504 5727 1.76 1.96 2.18
1394 1631 1.5 1.65 0.91
1436 5893 1.58 1.78 1.18
6175 4011 1.59 1.73 1.31
2569 3943 1.89 2.03 3.12
2736 3156 2.21 2.03 4.96
3504 4309 1.57 2.05 2.38
75 3226 1.54 1.9 1.84
3848 3053 3.3 2.46 18
2416 1894 1.58 1.82 1.37
1980 867 1.96 2.06 2.35
745 1395 1.46 1.76 1.16
5155 3442 1.76 1.87 1.58
2264 431 1.49 1.89 1.85
893 4821 1.6 1.64 1.37
5161 171 3.41 2.51 20.09
4630 5062 1.56 1.74 1.69
1540 469 1.74 1.85 2.49
1970 817 1.45 1.78 1.4
205 4993 1.71 1.8 2.01
3221 984 1.46 1.76 1.49
209 6165 2.55 2.17 7.36
591 4928 1.97 2.06 3.48
3511 2251 3.95 2.5 35.08
859 5668 3.64 2.51 20
5265 2031 1.97 2.07 2.59
1386 916 1.83 2 1.77
4768 4389 2.82 2.09 6.75
1359 2594 1.6 1.73 1.27
4198 2690 1.81 1.85 1.84
2081 1606 3.33 2.49 7.42
914 4651 1.75 1.82 2.12
4530 2649 1.51 2 2.3
3018 1449 1.45 1.67 0.97
351 4513 3.94 2.53 48.63
4772 1315 1.53 1.74 1.16
5358 1007 1.9 1.93 2.11
2798 271 2.27 2.07 4.49
3448 2863 1.5 1.81 1.45
5158 4917 1.53 1.81 1.32
374 4778 1.55 1.94 1.93
5085 4270 1.58 2.05 1.79
3819 284 1.85 1.88 1.67
4070 4556 1.55 1.91 2.15
2199 4182 1.6 1.89 2.09
4959 228 4.26 2.52 45.44
4885 4696 1.5 1.84 1.51
128 4612 3.48 2.46 21.64
3808 4531 1.61 1.85 1.52
3386 1081 1.54 1.81 1.7
2695 1935 3.88 2.52 32.89
1715 1383 1.79 1.87 2.16
3529 1971 2.64 2.33 3.96
5408 4643 1.73 1.96 1.74
2390 2379 3.56 2.55 25.2
4873 2657 1.47 2 1.79
5032 1369 1.76 1.85 2.18
5825 1952 1.5 1.67 1.68
4292 769 1.49 1.77 1.83
3427 1846 1.48 1.66 0.9
4085 3303 1.74 1.89 1.81
3229 1179 1.52 1.88 1.97
1637 2838 3.89 2.53 33.71
492 5981 1.45 1.98 2.31
6374 3419 2.6 2.26 4.16
3095 6070 1.55 1.77 1.36
2474 3473 3.49 2.5 19.71
4361 4965 1.47 1.98 1.89
1561 4046 1.8 1.98 2.5
1968 2248 2.56 2.03 4.65
2631 4076 1.47 2.05 2.16
740 2887 3.93 2.55 19.27
2390 6180 1.52 1.96 1.86
55 5783 3.94 2.52 39.52
1568 4205 1.59 1.67 1.15
4896 3359 3.17 2.49 18.79
3511 4307 1.51 1.82 1.82
911 5333 1.71 1.89 1.69
4198 5908 3.65 2.5 18.08
4522 3296 3.38 2.49 5.54
2060 3180 1.52 1.76 1.37
4618 4965 3.19 2.12 6.69
3661 2330 2.59 2.12 6.93
6199 1113 1.56 1.71 1.61
5968 789 1.59 1.9 2.34
1324 3543 1.57 1.79 1.56
2427 3969 1.75 1.8 2.31
1271 2835 3.75 2.54 38.55
5871 6191 1.77 1.98 2.31
5445 270 1.73 1.91 1.69
2758 3209 1.71 1.97 2.37
2954 3000 1.46 1.99 2.48
163 2574 1.54 1.82 1.97
2959 3670 1.49 1.73 1.12
2345 156 1.5 1.67 1.12
3455 6204 1.56 1.95 2.45
5146 1282 1.48 1.8 1.43
3170 3612 2.61 2.29 7.51
1553 6231 1.75 1.98 1.57
461 5190 2.56 2.17 4.21
5817 2729 1.59 1.91 1.82
3391 1356 1.48 1.76 1.91
4271 154 1.53 1.63 1.66
4806 3832 1.71 1.97 2.5
134 3372 1.48 1.64 1.38
4327 2156 1.52 1.84 2.39
6072 3727 4.45 2.51 37.74
196 4763 1.73 1.85 2.06
4852 310 3.82 2.5 27.05
65 2534 3.81 2.51 45.97
781 2914 2.72 2.29 5.4
597 5976 3.55 2.54 23.25
842 1475 3.95 2.53 30.71
374 4425 2.72 2.32 6.38
2974 3050 4.05 2.52 43.84
1615 1746 3.78 2.48 25.84
2170 897 3.78 2.5 28.2
6023 3840 4 2.51 41.5
400 2980 3.69 2.54 24.41
3259 1348 3.59 2.47 17.06
1586 5444 2.78 2.3 4.9
5602 5439 3.48 2.51 17.33
2295 1799 3.93 2.51 43.47
818 277 3.47 2.51 24.56
3199 929 3.57 2.46 17
4910 5827 3.45 2.46 18.25
856 5580 3.96 2.51 45.55
2987 2054 3.72 2.51 19.61
6002 5579 3.83 2.5 38.75
737 2980 3.86 2.53 36.89
2002 3640 3.79 2.54 38.65
6167 4100 3.61 2.55 21.4
2693 1234 3.05 2.48 28.94
2184 3315 3.67 2.51 22.1
232 3323 3.49 2.55 24.48
4717 1933 3.92 2.51 46.06
1355 3871 3.93 2.51 47.2
4995 5494 3.96 2.48 24.81
2283 4919 3.81 2.45 25.87
3247 5199 2.7 2.3 5.63
5650 1096 3.1 2.53 26.24
5967 4217 3.78 2.53 36.69
1320 1442 3.64 2.54 18.75
2576 5961 3.47 2.49 24.56
5108 946 3.38 2.51 24.39
5275 2333 3.58 2.52 28.15
3392 384 3.57 2.52 25.8
5470 4844 3.81 2.53 44.2
2755 5762 3.53 2.53 18.9
1474 5388 4.51 2.52 44.94
6226 5316 2.74 2.29 6.89
2829 3164 3.01 2.53 21.04
3971 6387 3.56 2.48 18.31
3443 2669 3.27 2.47 21.28
4047 4645 3.47 2.49 20.41
1949 1564 2.79 2.38 6.61
4675 4671 3.88 2.47 18.33
262 6212 3.59 2.52 25.34
4760 3634 3.25 2.48 19.13
2407 1592 3.68 2.51 22.29
906 5938 3.62 2.48 15.52
5251 4188 3.59 2.5 15.83
2162 1901 3.99 2.47 26.46
5948 4528 3.17 2.47 18.7
2411 563 3.98 2.52 39.72
3452 1682 3.97 2.53 30.65
2306 8 3.46 2.52 24.12
3760 702 3.95 2.51 47.35
3302 2902 3.92 2.46 29.84
2242 5585 3.41 2.51 21.02
2437 3170 4 2.51 42.22
4078 655 3.56 2.53 23.86
2295 5663 3.65 2.47 20.27
5076 1103 3.4 2.5 12.53
4393 1036 3.44 2.45 12.57
3732 2680 3.81 2.51 42.31
2546 1262 3.95 2.55 34.86
1503 4085 2.63 2.36 5.48
1132 3586 2.62 2.4 6.73
3313 4445 4.54 2.5 48.73
2711 2549 3.96 2.52 38.76
3909 147 3.89 2.51 40.44
4193 5003 3.99 2.53 34.53
4509 3856 3.96 2.52 34.72
1393 1788 4.04 2.51 44.08
6038 2738 3.83 2.55 42.68
3678 5522 3.16 2.54 22.15
1540 4531 3.55 2.53 18.03
6287 3619 2.69 2.35 6.16
1052 4113 3.54 2.55 14.63
1348 3144 3.19 2.49 25.99
1725 6110 3.59 2.52 13.25
5471 165 3.93 2.51 41.09
319 2090 2.64 2.3 3.52
683 487 3.84 2.51 39.44
2406 1474 4.12 2.51 42.78
1056 1645 3.88 2.51 45.76
4612 4702 3.65 2.46 22.93
4042 1307 3.95 2.51 45.98
654 1173 3.98 2.54 30.13
2308 5178 3.15 2.49 20.17
5456 3311 3.66 2.54 27.43
2998 476 3.78 2.54 48.01
1976 1549 3.57 2.5 23.9
2881 4138 3.63 2.51 22.36
2831 3449 3.18 2.52 27.85
5663 4914 3.69 2.51 19.77
3875 337 3.93 2.52 33.34
1747 2030 3.57 2.52 24.01
